0 5232 5951 6341 3777 337 5243 6637 5841 7566 6075 7078 4909 1981 1077 5127 1788 5898 3989 6554 1455 3815 3834 4064 7727 1755 7672 6670 6217 1010 7287 6383 5055 5132 6106 5484 4731 1346 7815 6211 6994 2877 5951 1743 4035 7034 4773 5766 3357 7454
0 13504 8163 10125 5846 10740 11245 7820 3558 13496 16180 2270 2862 670 4496 7873 402 12549 3431 7475 2004 10821 17802 14843 2121 16028 13042 12062 1597 13765 933 1766 15048 14719 5527 13221 9448 10432 9122 17226 10940 13390 11048 17726 1398 6617 14563 17181 8863 2823
10324 67215 41723 25389 42156 26491 47538 49039 24008 31082 36354 17763 35726 55347 54487 32670 46462 53937 66991 57752 32469 35785 32954 40439 30803 61343 38326 38680 19164 16558 57829 24774 39415 1607 27280 53500 55691 40786 43933 43059 48302 50846 44646 38808 51663 60814 34154 53961 54292 22118
61926 0 56308 75208 31086 93416 75900 42206 50351 88237 30917 74074 51090 74225 27420 92191 113284 77756 4529 29142 82843 89409 50673 63413 44669 23010 37932 99063 73494 65310 92756 42873 103666 68091 88921 14833 19223 97575 73863 108111 54160 94274 104288 51167 85011 82232 71123 13355 45803 45389
31403 56308 0 65606 26406 57625 19592 15824 49616 41068 36028 58905 61580 88313 30260 74207 80921 88694 53324 30770 32797 77393 10839 7496 51702 65672 53943 79843 31251 54366 96688 38539 60001 43330 45525 50069 57728 47878 17747 65001 7190 91406 55599 64270 89567 27811 18343 47714 17069 37788
34941 75208 65606 0 58599 37228 72925 69804 25015 52804 47978 8125 27407 33916 71118 18017 45542 31127 76486 74930 56450 14332 55698 65310 30649 61477 38172 24625 43897 11799 32496 35405 53615 23932 46838 60375 58687 61244 69317 55353 71604 25813 62761 29322 26754 86193 59542 62281 75722 33866
34270 31086 26406 58599 0 66445 45721 16404 35556 57933 13395 54483 44083 71723 12627 72556 88267 73427 28924 16339 51986 72569 19594 32978 34069 39619 32875 79194 43704 46930 84916 23542 74535 43440 59487 23694 31653 66946 43350 79230 26351 82604 73926 46025 77152 53856 40044 21324 22441 24758
32197 93416 57625 37228 66445 0 54078 69424 49050 23146 62500 30345 58822 71122 78022 29377 23298 68076 92927 80785 31137 37725 52395 53125 56146 87555 64043 31082 26379 36446 65482 51261 16432 25919 15669 79934 82128 27774 51170 18322 64814 55192 26812 61646 61893 66436 42424 80259 73445 48598
38480 75900 19592 72925 45721 54078 0 34713 62622 32406 53882 65212 75422 100398 49598 77133 76455 99919 72889 49680 23411 82318 27415 12788 66289 84352 70052 81622 30380 63126 105314 53369 50977 49018 39089 69203 76483 35538 3629 55798 23160 98251 43222 78371 98907 13315 13417 67032 33916 51901
39255 42206 15824 69804 16404 69424 34713 0 49227 55572 29387 64351 59257 86906 15049 81430 92448 88197 38769 15012 47849 83002 17032 23312 49085 55157 48903 87658 43741 58026 98513 37020 74027 50563 59109 38758 47267 63110 33343 78982 12004 94967 70715 61462 90929 40026 33736 35787 6322 37390
26604 50351 49616 25015 35556 49050 62622 49227 0 54345 23559 24024 12978 38699 47588 41879 65192 39309 51494 51548 53886 39333 38791 51926 7124 39136 15176 48744 40487 15189 49460 12238 63219 23920 51211 35546 34903 64282 59099 66591 54102 47233 68574 16055 41775 74926 50553 37305 55500 12037
28868 88237 41068 52804 57933 23146 32406 55572 54345 0 58828 44738 66643 85529 67374 50589 44294 83512 86653 69231 9073 57787 39755 34851 60585 88260 67289 53518 15092 47001 84309 51086 19140 31772 7491 76901 81458 10032 30034 24128 47945 75122 16051 69750 79406 43933 23165 76166 58073 48567
31276 30917 36028 47978 13395 62500 53882 29387 23559 58828 0 45136 30828 58402 24325 63489 82640 60245 30672 28341 54668 62258 26475 41264 20982 30863 19539 70311 43778 36814 72279 12861 73152 37291 58682 18106 23298 68567 50959 77474 37839 70752 74766 32671 64450 63798 45356 17840 35601 15039
27736 74074 58905 8125 54483 30345 65212 64351 24024 44738 45136 0 30139 41381 67108 18354 41973 38929 74883 70774 48334 18689 49408 58105 30686 62642 38704 25190 35874 8836 40487 32277 46525 16230 38912 59361 58879 53317 61621 48652 65178 33086 55137 32612 34878 78510 51801 60842 70060 30287
39482 51090 61580 27407 44083 58822 75422 59257 12978 66643 30828 30139 0 27678 54935 45421 72017 29437 53286 58962 66668 40341 50757 64423 10180 34469 13389 51951 53197 22459 42457 23082 73956 35318 62956 36690 32862 76466 71927 76909 65494 43185 80292 3122 34583 87542 63500 39426 65578 23868
62382 74225 88313 33916 71723 71122 100398 86906 38699 85529 58402 41381 27678 0 82252 46906 76175 5142 77271 86266 87813 38238 77490 90359 37826 53137 39684 51219 74466 38812 21387 50307 87526 54299 80144 61225 55004 94508 96801 89148 92701 28974 96516 25751 15780 113096 87656 64471 93228 50635
46078 27420 30260 71118 12627 78022 49598 15049 47588 67374 24325 67108 54935 82252 0 85178 100257 84364 23793 4028 60468 85147 27635 37700 45274 43025 42655 91806 54005 59496 96603 35852 84926 55821 69819 26646 35523 75734 47999 89753 27046 94800 83082 56531 88775 54949 47108 23210 18427 37252
42937 92191 74207 18017 72556 29377 77133 81430 41879 50589 63489 18354 45421 46906 85178 0 29296 42820 93132 88767 56758 9127 65617 72172 48112 79416 55880 6874 46754 26923 36856 50630 44942 31084 43386 77412 76340 56878 73719 45162 80913 26034 56133 47273 34612 90333 63951 79032 86858 48611
54185 113284 80921 45542 88267 23298 76455 92448 65192 44294 82640 41973 72017 76175 100257 29296 0 71980 113311 103228 53087 38019 75423 76344 72182 104288 80280 25553 49676 50400 64013 70421 28576 45399 37366 99101 99915 45304 73770 25626 88111 52543 40705 74337 63189 88224 65427 99943 96638 67896
61597 77756 88694 31127 73427 68076 99919 88197 39309 83512 60245 38929 29437 5142 84364 42820 71980 0 80633 88390 86287 33963 77927 90322 39358 57190 42141 46796 73101 37406 16450 51284 84508 52783 77839 64372 58577 92243 96302 85905 93396 23863 93887 27957 10649 112796 86967 67508 94511 51345
61095 4529 53324 76486 28924 92927 72889 38769 51494 86653 30672 74883 53286 77271 23793 93132 113311 80633 0 25169 80906 90769 48354 60558 46220 27051 39960 100003 72104 66208 95336 43125 102581 67956 87701 16598 22482 95813 70996 107119 50768 96388 102688 53595 87538 78740 68750 14217 42022 45533
49059 29142 30770 74930 16339 80785 49680 15012 51548 69231 28341 70774 58962 86266 4028 88767 103228 88390 25169 0 62004 88907 29530 38266 49298 46186 46652 95355 56278 63270 100613 39743 87112 59122 72027 29975 38854 77301 48355 91985 26686 98741 84764 60550 92789 54077 48276 26448 17003 41073
27331 82843 32797 56450 51986 31137 23411 47849 53886 9073 54668 48334 66668 87813 60468 56758 53087 86287 80906 62004 0 63216 32944 26202 59504 84989 65498 60378 13529 49006 88676 48649 28094 33531 15758 72470 77804 15298 20965 33047 39465 80183 22869 69789 83200 35327 14534 71366 49866 46336
46039 89409 77393 14332 72569 37725 82318 83002 39333 57787 62258 18689 40341 38238 85147 9127 38019 33963 90769 88907 63216 0 68062 76176 44760 74793 52035 13112 52134 25655 27907 49601 53658 34185 50848 74578 72518 64750 78801 54107 83777 17511 64534 41740 25495 95620 68947 76556 88742 47941
22799 50673 10839 55698 19594 52395 27415 17032 38791 39755 26475 49408 50757 77490 27635 65617 75423 77927 48354 29530 32944 68062 0 14815 40920 57002 43486 71597 26937 44220 86269 27743 57621 34534 42566 42239 49177 48156 24578 62520 15934 81405 55453 53466 79045 37728 20450 40395 21549 26950
30397 63413 7496 65310 32978 53125 12788 23312 51926 34851 41264 58105 64423 90359 37700 72172 76344 90322 60558 38266 26202 76176 14815 0 54904 71601 58060 77411 26973 54609 97146 41782 53963 42025 39970 56417 63718 40990 10451 58961 13349 91068 48772 67267 90318 23200 11698 54271 24072 40598
32206 44669 51702 30649 34069 56146 66289 49085 7124 60585 20982 30686 10180 37826 45274 48112 72182 39358 46220 49298 59504 44760 40920 54904 0 32106 8100 54935 46315 21917 51425 13181 70153 30829 57826 29853 28257 70582 62868 73603 55412 50707 75154 12613 43567 78093 54875 32024 55407 14388
59562 23010 65672 61477 39619 87555 84352 55157 39136 88260 30863 62642 34469 53137 43025 79416 104288 57190 27051 46186 84989 74793 57002 71601 32106 0 24009 86100 73207 53962 73029 37382 100517 61712 86990 16494 7967 98212 81579 104358 65939 76316 103844 33415 65600 93377 76217 19818 60384 40012
38520 37932 53943 38172 32875 64043 70052 48903 15176 67289 19539 38704 13389 39684 42655 55880 80280 42141 39960 46652 65498 52035 43486 58060 8100 24009 0 62661 52652 29975 55794 17100 77740 38484 64999 23364 20516 77320 66779 81315 56723 56431 82236 14208 47930 81183 59489 26039 55135 19204
48816 99063 79843 24625 79194 31082 81622 87658 48744 53518 70311 25190 51951 51219 91806 6874 25553 46796 100003 95355 60378 13112 71597 77411 54935 86100 62661 0 51359 33795 38581 57450 45422 37126 46110 84281 83142 58852 78298 44880 86665 27185 57202 53684 37684 94690 68648 85905 92971 55399
14148 73494 31251 43897 43704 26379 30380 43741 40487 15092 43778 35874 53197 74466 54005 46754 49676 73101 72104 56278 13529 52134 26937 26973 46315 73207 52652 51359 0 35716 76360 36158 30938 20350 15834 61869 66369 25005 26978 35748 38441 68511 30991 56319 70526 43606 17291 61225 47330 33696
24655 65310 54366 11799 46930 36446 63126 58026 15189 47001 36814 8836 22459 38812 59496 26923 50400 37406 66208 63270 49006 25655 44220 54609 21917 53962 29975 33795 35716 0 42537 24034 51932 15489 42197 50568 50061 56330 59497 54645 60153 37205 59226 25217 35823 76245 49928 52117 63974 22291
67030 92756 96688 32496 84916 65482 105314 98513 49460 84309 72279 40487 42457 21387 96603 36856 64013 16450 95336 100613 88676 27907 86269 97146 51425 73029 55794 38581 76360 42537 0 61682 81545 56403 77763 78831 73764 91967 101695 81995 102145 11496 92235 41777 7880 118541 91965 81745 104727 61126
22249 42873 38539 35405 23542 51261 53369 37020 12238 51086 12861 32277 23082 50307 35852 50630 70421 51284 43125 39743 48649 49601 27743 41782 13181 37382 17100 57450 36158 24034 61682 0 63308 25469 49609 28795 31153 61094 50009 67312 42453 59062 66509 25732 54012 64980 42439 29525 43308 2681
41877 103666 60001 53615 74535 16432 50977 74027 63219 19140 73152 46525 73956 87526 84926 44942 28576 84508 102581 87112 28094 53658 57621 53963 70153 100517 77740 45422 30938 51932 81545 63308 0 39324 15108 91145 94454 17004 48892 5003 66968 70967 12313 76892 78220 61517 42293 90949 76901 60636
11929 68091 43330 23932 43440 25919 49018 50563 23920 31772 37291 16230 35318 54299 55821 31084 45399 52783 67956 59122 33531 34185 34534 42025 30829 61712 38484 37126 20350 15489 56403 25469 39324 0 27641 54251 56210 41363 45418 42832 49904 49315 44976 38376 50310 62304 35620 54804 55847 22839
27586 88921 45525 46838 59487 15669 39089 59109 51211 7491 58682 38912 62956 80144 69819 43386 37366 77839 87701 72027 15758 50848 42566 39970 57826 86990 64999 46110 15834 42197 77763 49609 15108 27641 0 76764 80579 14409 36440 19959 52613 68281 17368 66017 73172 51052 28550 76381 62230 46981
49282 14833 50069 60375 23694 79934 69203 38758 35546 76901 18106 59361 36690 61225 26646 77412 99101 64372 16598 29975 72470 74578 42239 56417 29853 16494 23364 84281 61869 50568 78831 28795 91145 54251 76764 0 8883 86591 66651 95397 49789 79795 92860 37059 71011 77532 62238 3633 43898 31411
53014 19223 57728 58687 31653 82128 76483 47267 34903 81458 23298 58879 32862 55004 35523 76340 99915 58577 22482 38854 77804 72518 49177 63718 28257 7967 20516 83142 66369 50061 73764 31153 94454 56210 80579 8883 0 91342 73750 98460 57980 75860 97203 32527 66084 85417 68601 12426 52581 33831
38893 97575 47878 61244 66946 27774 35538 63110 64282 10032 68567 53317 76466 94508 75734 56878 45304 92243 95813 77301 15298 64750 48156 40990 70582 98212 77320 58852 25005 56330 91967 61094 17004 41363 14409 86591 91342 0 34036 21230 54337 82248 7815 79563 87522 45030 29536 85734 64923 58586
34851 73863 17747 69317 43350 51170 3629 33343 59099 30034 50959 61621 71927 96801 47999 73719 73770 96302 70996 48355 20965 78801 24578 10451 62868 81579 66779 78298 26978 59497 101695 50009 48892 45418 36440 66651 73750 34036 0 53782 22283 94672 41814 74890 95280 16889 9858 64597 33195 48484
46216 108111 65001 55353 79230 18322 55798 78982 66591 24128 77474 48652 76909 89148 89753 45162 25626 85905 107119 91985 33047 54107 62520 58961 73603 104358 81315 44880 35748 54645 81995 67312 5003 42832 19959 95397 98460 21230 53782 0 71971 71145 15339 79784 79117 66100 47287 95300 81893 64632
37990 54160 7190 71604 26351 64814 23160 12004 54102 47945 37839 65178 65494 92701 27046 80913 88111 93396 50768 26686 39465 83777 15934 13349 55412 65939 56723 86665 38441 60153 102145 42453 66968 49904 52613 49789 57980 54337 22283 71971 0 97331 62113 68023 94866 28117 24931 47053 10924 42088
60673 94274 91406 25813 82604 55192 98251 94967 47233 75122 70752 33086 43185 28974 94800 26034 52543 23863 96388 98741 80183 17511 81405 91068 50707 76316 56431 27185 68511 37205 11496 59062 70967 49315 68281 79795 75860 82248 94672 71145 97331 0 82004 43339 13230 111559 84834 82372 101016 58030
44282 104288 55599 62761 73926 26812 43222 70715 68574 16051 74766 55137 80292 96516 83082 56133 40705 93887 102688 84764 22869 64534 55453 48772 75154 103844 82236 57202 30991 59226 92235 66509 12313 44976 17368 92860 97203 7815 41814 15339 62113 82004 0 83344 88369 52215 37262 92184 72658 63925
42593 51167 64270 29322 46025 61646 78371 61462 16055 69750 32671 32612 3122 25751 56531 47273 74337 27957 53595 60550 69789 41740 53466 67267 12613 33415 14208 53684 56319 25217 41777 25732 76892 38376 66017 37059 32527 79563 74890 79784 68023 43339 83344 0 33953 90415 66528 39979 67775 26673
60467 85011 89567 26754 77152 61893 98907 90929 41775 79406 64450 34878 34583 15780 88775 34612 63189 10649 87538 92789 83200 25495 79045 90318 43567 65600 47930 37684 70526 35823 7880 54012 78220 50310 73172 71011 66084 87522 95280 79117 94866 13230 88369 33953 0 112059 85640 73901 97167 53545
51592 82232 27811 86193 53856 66436 13315 40026 74926 43933 63798 78510 87542 113096 54949 90333 88224 112796 78740 54077 35327 95620 37728 23200 78093 93377 81183 94690 43606 76245 118541 64980 61517 62304 51052 77532 85417 45030 16889 66100 28117 111559 52215 90415 112059 0 26729 74959 37136 63762
25374 71123 18343 59542 40044 42424 13417 33736 50553 23165 45356 51801 63500 87656 47108 63951 65427 86967 68750 48276 14534 68947 20450 11698 54875 76217 59489 68648 17291 49928 91965 42439 42293 35620 28550 62238 68601 29536 9858 47287 24931 84834 37262 66528 85640 26729 0 60625 35396 40630
49088 13355 47714 62281 21324 80259 67032 35787 37305 76166 17840 60842 39426 64471 23210 79032 99943 67508 14217 26448 71366 76556 40395 54271 32024 19818 26039 85905 61225 52117 81745 29525 90949 54804 76381 3633 12426 85734 64597 95300 47053 82372 92184 39979 73901 74959 60625 0 40741 32054
44278 45803 17069 75722 22441 73445 33916 6322 55500 58073 35601 70060 65578 93228 18427 86858 96638 94511 42022 17003 49866 88742 21549 24072 55407 60384 55135 92971 47330 63974 104727 43308 76901 55847 62230 43898 52581 64923 33195 81893 10924 101016 72658 67775 97167 37136 35396 40741 0 43622
19704 45389 37788 33866 24758 48598 51901 37390 12037 48567 15039 30287 23868 50635 37252 48611 67896 51345 45533 41073 46336 47941 26950 40598 14388 40012 19204 55399 33696 22291 61126 2681 60636 22839 46981 31411 33831 58586 48484 64632 42088 58030 63925 26673 53545 63762 40630 32054 43622 0
