0 401986 583492 284558 322119 729445 457208 162218 65135 394945 380990 606519 758929 792292 397040 269039 633006 481953 113222 389700 134756 705088 632800 785318
0 165944 373993 1507924 212327 448916 1299292 592256 584456 34789 1159403 105416 288583 1425791 812042 595672 25049 424249 177402 178136 335692 376890 404414 908785
2141447 7072363 9112327 7353158 9753212 9381838 3035634 9871437 9392476 9560768 7355148 9722687 5880578 8404147 8537693 9719222 1295888 8565174 1815585 3404910 4624558 11991294 9580938 7419984
4991690 0 8585598 775264 8506898 3384147 4717925 8152745 6903116 10545334 1471483 10263631 1468018 10078275 9354275 7942935 8363437 10072576 5325919 4197474 4371312 8331223 6139046 5620430
8768637 8585598 0 9360694 970002 7099808 6734069 1531792 2522636 2397930 10018076 1881235 9018205 2854019 1693545 1579899 9673467 2666347 8035526 6790744 5334522 4600002 3722113 2965180
5226671 775264 9360694 0 9279191 3909298 5225513 8919612 7661094 11310538 737367 11034350 1488256 10824668 10116606 8709914 8649023 10823567 5673538 4710820 5044228 9009286 6868293 6395550
9228191 8506898 970002 9279191 0 6662546 7201778 630628 1894013 3180932 9966720 2588539 9091325 3796463 2644712 759020 10395670 3597799 8552207 7193852 5694900 3652180 3090200 2988430
7578498 3384147 7099808 3909298 6662546 0 6461792 6138974 4787341 9418074 4621882 8969531 4761143 9369700 8374704 5947847 10588075 9284227 7571089 6011684 5252149 5337481 3676807 4500175
2034849 4717925 6734069 5225513 7201778 6461792 0 7204394 6537961 7790228 5491253 7777439 3966264 6869408 6620025 7029759 4155119 6962192 1400601 520642 1642419 9047981 6602670 4556065
9210427 8152745 1531792 8919612 630628 6138974 7204394 0 1352298 3810345 9620839 3219131 8821326 4384985 3225281 209923 10580600 4193816 8580267 7150891 5640491 3070539 2513254 2794072
8471424 6903116 2522636 7661094 1894013 4787341 6537961 1352298 0 4919839 8374585 4380457 7672185 5252293 4109134 1161032 10235011 5096519 7937898 6398059 4906892 2712078 1209031 1983831
9744209 10545334 2397930 11310538 3180932 9418074 7790228 3810345 4919839 0 11916989 635170 10752544 1291889 1213206 3910901 9815262 1070322 8896465 7992804 6724607 6759772 6119877 5052265
5213701 1471483 10018076 737367 9966720 4621882 5491253 9620839 8374585 11916989 0 11661108 1540001 11384001 10715628 9410964 8644759 11393104 5764443 4991729 5507091 9746553 7599037 7056027
9767598 10263631 1881235 11034350 2588539 8969531 7777439 3219131 4380457 635170 11661108 0 10551568 1753272 1187507 3332243 10054883 1514857 8945867 7940754 6606403 6135179 5587553 4695251
3746649 1468018 9018205 1488256 9091325 4761143 3966264 8821326 7672185 10752544 1540001 10551568 0 10120664 9540632 8612996 7175649 10149592 4241107 3475553 4147398 9410784 7080025 6110501
8752613 10078275 2854019 10824668 3796463 9369700 6869408 4384985 5252293 1291889 11384001 1753272 10120664 0 1162220 4429733 8589288 238840 7875874 7130577 5996362 7447547 6389949 4876615
8597164 9354275 1693545 10116606 2644712 8374704 6620025 3225281 4109134 1213206 10715628 1187507 9540632 1162220 0 3267590 8891004 988473 7767434 6803927 5515317 6291552 5265276 3931105
9030827 7942935 1579899 8709914 759020 5947847 7029759 209923 1161032 3910901 9410964 3332243 8612996 4429733 3267590 0 10444600 4245560 8409491 6968222 5457341 3057253 2339867 2595979
3432793 8363437 9673467 8649023 10395670 10588075 4155119 10580600 10235011 9815262 8644759 10054883 7175649 8589288 8891004 10444600 0 8774773 3069638 4578425 5650841 12891324 10534736 8297921
8865950 10072576 2666347 10823567 3597799 9284227 6962192 4193816 5096519 1070322 11393104 1514857 10149592 238840 988473 4245560 8774773 0 7996322 7208970 6040382 7249977 6246903 4802120
918723 5325919 8035526 5673538 8552207 7571089 1400601 8580267 7937898 8896465 5764443 8945867 4241107 7875874 7767434 8409491 3069638 7996322 0 1650865 3041276 10442552 7990269 5955328
2074139 4197474 6790744 4710820 7193852 6011684 520642 7150891 6398059 7992804 4991729 7940754 3475553 7130577 6803927 6968222 4578425 7208970 1650865 0 1510975 8836718 6372014 4432993
3579795 4371312 5334522 5044228 5694900 5252149 1642419 5640491 4906892 6724607 5507091 6606403 4147398 5996362 5515317 5457341 5650841 6040382 3041276 1510975 0 7406578 4967624 2931417
10880765 8331223 4600002 9009286 3652180 5337481 9047981 3070539 2712078 6759772 9746553 6135179 9410784 7447547 6291552 3057253 12891324 7249977 10442552 8836718 7406578 0 2476086 4593419
8407996 6139046 3722113 6868293 3090200 3676807 6602670 2513254 1209031 6119877 7599037 5587553 7080025 6389949 5265276 2339867 10534736 6246903 7990269 6372014 4967624 2476086 0 2321345
6506859 5620430 2965180 6395550 2988430 4500175 4556065 2794072 1983831 5052265 7056027 4695251 6110501 4876615 3931105 2595979 8297921 4802120 5955328 4432993 2931417 4593419 2321345 0
