0 457409 134483 327685 83972 688356 223957 599054 381817 357336 101016 433514 200815 596167 437721 775551 228228 304600 308805 328180 487 64133 86904 629634 297490 562602
0 752517 746190 625929 982471 711171 190490 158829 1493 1769255 428289 107843 387968 172988 978072 506972 145756 7250 454124 117890 242112 1226445 160724 314093 485903 175925
1855122 7611615 5228515 2892146 4185839 4759225 4076228 3435385 7821609 4902657 5926377 2270491 4679292 2521050 1538748 5726887 7069306 2829949 9341543 7156594 6895313 6744700 4585143 3391762 2117232 1838168
9465069 0 2528012 9423741 4153701 2861930 4787762 8044019 409136 11370447 11806099 9726217 9347823 5449041 8263584 11402938 10206055 4910096 8822422 2970545 5275592 12096276 5469871 10285941 9512088 9338953
7078513 2528012 0 6896006 2758931 666919 3458331 6362731 2834764 9427291 10054436 7255299 7801570 2935350 5755074 9696237 9198815 2794163 8956535 3760981 5338011 10515616 4419027 8182552 7237137 7022775
2600582 9423741 6896006 0 6757280 6645174 6800724 6176042 9716680 6485419 7731169 1661026 7205969 4002219 1410627 7677589 9705214 5277907 12231643 9640341 9698358 8717218 7425228 4977828 3546215 3189365
5902016 4153701 2758931 6757280 0 2105915 705246 3891475 4211615 7239065 7654045 6456315 5230131 3195866 5369182 7255064 6445117 1487862 6550855 2972536 3201856 7979750 1671229 6251674 5705229 5615984
6614299 2861930 666919 6645174 2105915 0 2800552 5707045 3105258 8811780 9412392 6866309 7140063 2642984 5428738 9049013 8537666 2183890 8417981 3494615 4836694 9859112 3773363 7600034 6711876 6516769
5677118 4787762 3458331 6800724 705246 2800552 0 3272722 4815053 6677268 7027068 6327043 4564218 3533770 5392830 6618186 5741851 1711435 6054532 3242366 2928972 7314643 1015868 5781817 5374969 5328049
3983544 8044019 6362731 6176042 3891475 5707045 3272722 0 8085791 3458682 3762574 4970882 1484781 4910658 4940624 3368016 3646548 3657178 6314883 6291589 4923821 4152943 2895114 2900977 3221715 3398080
9670276 409136 2834764 9716680 4211615 3105258 4815053 8085791 0 11449212 11842057 9966961 9354753 5726385 8530477 11431173 10113201 5075391 8569366 2723692 5070598 12096990 5434836 10406343 9681098 9520962
3910719 11370447 9427291 6485419 7239065 8811780 6677268 3458682 11449212 0 1295475 4837864 2750477 7265779 5840767 1421883 4686823 6633725 8741954 9750208 8252506 2354397 6351527 1559361 3026847 3400365
5137452 11806099 10054436 7731169 7654045 9412392 7027068 3762574 11842057 1295475 0 6097165 2583618 8148909 7000862 462721 3839028 7279255 8102099 9903417 8156023 1066675 6524271 2756117 4218023 4590084
1043970 9726217 7255299 1661026 6456315 6866309 6327043 4970882 9966961 4837864 6097165 0 5803918 4345407 1628303 6067366 8327077 5079417 11229309 9426616 9081702 7101021 6753172 3356889 1988120 1670461
4762682 9347823 7801570 7205969 5230131 7140063 4564218 1484781 9354753 2750477 2583618 5803918 0 6376232 6099656 2135203 2523661 5132778 6081992 7327352 5596692 2750605 3968776 2936085 3854448 4136661
4290917 5449041 2935350 4002219 3195866 2642984 3533770 4910658 5726385 7265779 8148909 4345407 6376232 0 2819767 7876459 8403820 1828962 9563037 5805104 6390322 8833063 4455714 5828425 4635705 4357353
2029700 8263584 5755074 1410627 5369182 5428738 5392830 4940624 8530477 5840767 7000862 1628303 6099656 2819767 0 6873818 8546476 3900306 10866271 8280529 8287737 7914168 6017467 4281894 2816234 2444496
5077008 11402938 9696237 7677589 7255064 9049013 6618186 3368016 11431173 1421883 462721 6067366 2135203 7876459 6873818 0 3436160 6934524 7667455 9461210 7696410 1042909 6090175 2710908 4136924 4503193
7286268 10206055 9198815 9705214 6445117 8537666 5741851 3646548 10113201 4686823 3839028 8327077 2523661 8403820 8546476 3436160 0 6862052 4337507 7650503 5426645 3203853 4827921 5350464 6375488 6660316
4638605 4910096 2794163 5277907 1487862 2183890 1711435 3657178 5075391 6633725 7279255 5079417 5132778 1828962 3900306 6934524 6862052 0 7735532 4385609 4609919 7791590 2630379 5421044 4606040 4449613
10279249 8822422 8956535 12231643 6550855 8417981 6054532 6314883 8569366 8741954 8102099 11229309 6081992 9563037 10866271 7667455 4337507 7735532 0 5852655 3650188 7540755 5107973 8960095 9535283 9708364
8865335 2970545 3760981 9640341 2972536 3494615 3242366 6291589 2723692 9750208 9903417 9426616 7327352 5805104 8280529 9461210 7650503 4385609 5852655 0 2375457 9982865 3402181 8987085 8613031 8552176
8311247 5275592 5338011 9698358 3201856 4836694 2928972 4923821 5070598 8252506 8156023 9081702 5596692 6390322 8287737 7696410 5426645 4609919 3650188 2375457 0 8056960 2329792 7814620 7820876 7862825
6116809 12096276 10515616 8717218 7979750 9859112 7314643 4152943 12096990 2354397 1066675 7101021 2750605 8833063 7914168 1042909 3203853 7791590 7540755 9982865 8056960 0 6684221 3744478 5178818 5545667
5985952 5469871 4419027 7425228 1671229 3773363 1015868 2895114 5434836 6351527 6524271 6753172 3968776 4455714 6017467 6090175 4827921 2630379 5107973 3402181 2329792 6684221 0 5674608 5530349 5551897
2381444 10285941 8182552 4977828 6251674 7600034 5781817 2900977 10406343 1559361 2756117 3356889 2936085 5828425 4281894 2710908 5350464 5421044 8960095 8987085 7814620 3744478 5674608 0 1471273 1845067
953991 9512088 7237137 3546215 5705229 6711876 5374969 3221715 9681098 3026847 4218023 1988120 3854448 4635705 2816234 4136924 6375488 4606040 9535283 8613031 7820876 5178818 5530349 1471273 0 373808
626736 9338953 7022775 3189365 5615984 6516769 5328049 3398080 9520962 3400365 4590084 1670461 4136661 4357353 2444496 4503193 6660316 4449613 9708364 8552176 7862825 5545667 5551897 1845067 373808 0
