0 105605 427590 274100 34219 286599 23529 147650 471423 369074 72614 234825 251474 228284 162885 620335 480087
0 25603 1152896 102422 759407 636400 990694 1142436 503880 1479246 542625 423452 1205286 177712 1141072 236856 524945
3198015 4285137 6517456 4366554 6315340 2050608 3510377 6518632 1816375 7491766 3613431 8104573 6029278 3331317 7989804 8290449 6775016
1307902 0 10700224 7793368 9763618 6214464 1482693 10800825 5697473 11605748 7291455 12204456 8626918 6693091 12208033 12455468 8139448
9471535 10700224 0 3887660 3393471 5123910 10025447 2137302 5893893 1100563 3800220 1696641 5462628 6430195 1539852 1774604 7806502
6487028 7793368 3887660 0 1996278 4334495 7561869 5316821 4944707 4381257 863037 4882163 2197694 6295122 5349445 5320718 4176502
8455762 9763618 3393471 1996278 0 5963246 9558069 5375015 6656854 3356375 2704281 3670469 2248681 7832356 4500041 4237207 4634791
5217729 6214464 5123910 4334495 5963246 0 5205226 4667692 774425 6193822 3471598 6807396 6422429 1976791 6459750 6868659 7780857
1764056 1482693 10025447 7561869 9558069 5205226 0 9869070 4587530 11001238 6932257 11613291 8749098 5382695 11485902 11799277 8663302
9692837 10800825 2137302 5316821 5375015 4667692 9869070 0 5344942 2959464 4909841 3369551 7236233 5342084 2419164 3052038 9464908
4802751 5697473 5893893 4944707 6656854 774425 4587530 5344942 0 6966601 4085615 7579637 6959718 1592246 7212954 7633092 8144386
10351932 11605748 1100563 4381257 3356375 6193822 11001238 2959464 6966601 0 4487524 617055 5580903 7530757 1161715 940308 7969382
5998633 7291455 3800220 863037 2704281 3471598 6932257 4909841 4085615 4487524 0 5045370 3010202 5434159 5327210 5405461 4789750
10945508 12204456 1696641 4882163 3670469 6807396 11613291 3369551 7579637 617055 5045370 0 5918143 8117891 1171724 620654 8305257
7350929 8626918 5462628 2197694 2248681 6422429 8749098 7236233 6959718 5580903 3010202 5918143 0 8398774 6704896 6478220 2389574
6005300 6693091 6430195 6295122 7832356 1976791 5382695 5342084 1592246 7530757 5434159 8117891 8398774 0 7535506 8051157 9706654
10991379 12208033 1539852 5349445 4500041 6459750 11485902 2419164 7212954 1161715 5327210 1171724 6704896 7535506 0 664148 9088228
11215066 12455468 1774604 5320718 4237207 6868659 11799277 3052038 7633092 940308 5405461 620654 6478220 8051157 664148 0 8867697
7008338 8139448 7806502 4176502 4634791 7780857 8663302 9464908 8144386 7969382 4789750 8305257 2389574 9706654 9088228 8867697 0
