0 395585 115676 524330 426567 401694 163377 591074 734993 207800 504053 443621 50526 163506 447344 430281 727594 322999 143561 231078 645343 283982 657458
0 49279 870403 222076 27296 541257 664044 919855 402804 545763 544950 44812 314575 670758 254822 355056 1222929 1605788 880582 283338 322677 1508246 1514932
2782548 5736172 4625498 5452542 5699701 4616630 4938787 6044747 3602980 3105022 2524192 3738188 4171886 5106847 5783522 3507126 6089001 3976620 3539650 2172102 5367684 4128675 5417691
8213061 0 10357134 10337849 40384 9472590 10583127 9286497 9269063 6996816 8250434 5932834 4169302 10725900 8800380 8796573 8600772 9476691 7706500 7648964 10044456 9614926 9822750
2593710 10357134 0 4199824 10321125 4000930 1567738 6417662 1627452 5249491 2176336 6837393 8183475 1237894 7003750 2992324 7655197 1783900 4951648 3155012 4577383 2288375 5067630
5576667 10337849 4199824 0 10297538 873621 2727069 10009817 2979782 3393041 3831112 4880852 6776631 5437061 3428953 2041014 4153459 5589500 2692279 3357570 525998 2037539 1097924
8180400 40384 10321125 10297538 0 9432311 10544808 9269187 9231072 6956433 8213410 5893335 4131683 10692167 8761386 8757002 8562746 9443986 7666116 7610238 10004078 9575818 9782392
4993700 9472590 4000930 873621 9432311 0 2716246 9431981 2557605 2563690 3210686 4117151 5978705 5225043 3116983 1351076 3819945 5175628 1881639 2577625 784287 1713647 1102595
3705548 10583127 1567738 2727069 10544808 2716246 0 7876716 1336671 4566440 2477126 6231300 7834841 2771168 5827599 2128426 6520842 3238301 4095527 2949869 3160805 1192531 3696203
4440689 9286497 6417662 10009817 9269187 9431981 7876716 0 7059436 8964918 6221519 9781813 9892556 5559705 11577545 8082372 11995827 4647545 9192098 7058649 10194558 8007698 10497326
2670153 9269063 1627452 2979782 9231072 2557605 1336671 7059436 0 3638392 1164367 5253605 6706471 2761055 5426043 1388271 6058948 2627258 3324289 1693323 3244343 949903 3659114
4899019 6996816 5249491 3393041 6956433 2563690 4566440 8964918 3638392 0 3401356 1667554 3428854 6270685 2679063 2438023 3032041 5657362 710951 2255360 3055880 3377878 2834562
1787299 8250434 2176336 3831112 8213410 3210686 2477126 6221519 1164367 3401356 0 4850398 6046366 2952486 5648679 1860923 6199913 2265491 3318190 1146991 3977495 1960747 4280064
6110798 5932834 6837393 4880852 5893335 4117151 6231300 9781813 5253605 1667554 4850398 0 1937386 7789403 2893493 4103269 2833266 7036249 2251240 3724896 4466118 5044463 4107377
6907115 4169302 8183475 6776631 4131683 5978705 7834841 9892556 6706471 3428854 6046366 1937386 0 8973109 4676964 5749078 4434608 8014941 4097289 5039510 6382624 6683742 6041451
2550039 10725900 1237894 5437061 10692167 5225043 2771168 5559705 2761055 6270685 2952486 7789403 8973109 0 8185061 4149222 8819807 1327622 6048177 4064642 5814224 3511621 6299632
7341685 8800380 7003750 3428953 8761386 3116983 5827599 11577545 5426043 2679063 5648679 2893493 4676964 8185061 0 4038742 724648 7876455 2391166 4597139 2902970 4747511 2336712
3646468 8796573 2992324 2041014 8757002 1351076 2128426 8082372 1388271 2438023 1860923 4103269 5749078 4149222 4038742 0 4671451 3911310 2001575 1347768 2125226 942952 2422948
7845918 8600772 7655197 4153459 8562746 3819945 6520842 11995827 6058948 3032041 6199913 2833266 4434608 8819807 724648 4671451 0 8449924 2888689 5110831 3627495 5420000 3061274
1263714 9476691 1783900 5589500 9443986 5175628 3238301 4647545 2627258 5657362 2265491 7036249 8014941 1327622 7876455 3911310 8449924 0 5577930 3403685 5871493 3552996 6278198
4962740 7706500 4951648 2692279 7666116 1881639 4095527 9192098 3324289 710951 3318190 2251240 4097289 6048177 2391166 2001575 2888689 5577930 0 2222717 2345226 2905365 2134984
2744552 7648964 3155012 3357570 7610238 2577625 2949869 7058649 1693323 2255360 1146991 3724896 5039510 4064642 4597139 1347768 5110831 3403685 2222717 0 3359011 1989054 3534055
5753978 10044456 4577383 525998 10004078 784287 3160805 10194558 3244343 3055880 3977495 4466118 6382624 5814224 2902970 2125226 3627495 5871493 2345226 3359011 0 2336252 574920
3603441 9614926 2288375 2037539 9575818 1713647 1192531 8007698 949903 3377878 1960747 5044463 6683742 3511621 4747511 942952 5420000 3552996 2905365 1989054 2336252 0 2793306
6067241 9822750 5067630 1097924 9782392 1102595 3696203 10497326 3659114 2834562 4280064 4107377 6041451 6299632 2336712 2422948 3061274 6278198 2134984 3534055 574920 2793306 0
