0 68512 785 184816 275707 637288 14915 250225 779634 394403 448242 225162 237783 273468 530508 265541 576043 402732 395352 201494
0 324939 629252 965438 730611 1447546 169381 151069 117352 172756 616470 895641 276711 879965 926518 290134 382814 337030 434942 1425766
3502104 6395666 4057624 6866054 4331392 8178177 5012519 5402294 8267511 10052335 6120259 6109880 7798544 9810362 8211579 5353136 5387154 10610721 7903745 6684666
4922468 0 3452318 4531365 3812699 5278652 7260239 7173227 7071208 3754922 4806084 4255130 5776296 3763154 4626957 2248833 4155504 4255072 4368362 5988440
4809100 3452318 0 2981638 553933 4274020 3869920 3861485 5006201 7118180 2496419 5973594 4128949 6061619 4187805 1498415 5463289 7134351 3873367 3494643
7681432 4531365 2981638 0 2567509 1313275 4267664 3906391 2539894 7215360 959366 8314465 1290034 4977224 1533192 2605703 7951496 6435752 1311889 1740313
5338203 3812699 553933 2567509 0 3877922 3449465 3394640 4473581 7392563 1987051 6521989 3650700 6112799 3882578 1675517 6016378 7273124 3577864 2947257
8893121 5278652 4274020 1313275 3877922 0 5220347 4792012 2253823 7368812 2145500 9309113 990061 4733645 862878 3683112 9007261 6268677 974346 2366096
7674241 7260239 3869920 4267664 3449465 5220347 0 511928 4083866 10762711 3328032 9536299 4372229 9068295 5761928 5066011 8924644 10407801 5574601 2896183
7916552 7173227 3861485 3906391 3394640 4792012 511928 0 3576679 10593736 2992058 9665799 3916399 8782783 5371686 4945584 9075534 10155653 5200905 2442252
9811661 7071208 5006201 2539894 4473581 2253823 4083866 3576679 0 9561776 2532183 10751054 1367759 6987416 3112784 5068132 10335531 8521452 3162326 1594512
7897842 3754922 7118180 7215360 7392563 7368812 10762711 10593736 9561776 0 7835876 6005717 8195879 3041164 6517469 5721468 6352221 1910727 6411666 8923922
7304163 4806084 2496419 959366 1987051 2145500 3328032 2992058 2532183 7835876 0 8246723 1690014 5807235 2490479 2639369 7812424 7217443 2269495 1184859
2730939 4255130 5973594 8314465 6521989 9309113 9536299 9665799 10751054 6005717 8246723 0 9604309 7641542 8766623 5709595 724222 7500673 8480112 9376265
8903332 5776296 4128949 1290034 3650700 990061 4372229 3916399 1367759 8195879 1690014 9604309 0 5670919 1803515 3895067 9236468 7195040 1811894 1476265
8684681 3763154 6061619 4977224 6112799 4733645 9068295 8782783 6987416 3041164 5807235 7641542 5670919 0 3876452 4574631 7723135 1542263 3870933 6706264
8578576 4626957 4187805 1533192 3882578 862878 5761928 5371686 3112784 6517469 2490479 8766623 1803515 3876452 0 3314729 8516781 5408725 320526 3023723
5263847 2248833 1498415 2605703 1675517 3683112 5066011 4945584 5068132 5721468 2639369 5709595 3895067 4574631 3314729 0 5351895 5639512 2997707 3820407
2020137 4155504 5463289 7951496 6016378 9007261 8924644 9075534 10335531 6352221 7812424 724222 9236468 7723135 8516781 5351895 0 7724855 8219724 8915704
8998240 4255072 7134351 6435752 7273124 6268677 10407801 10155653 8521452 1910727 7217443 7500673 7195040 1542263 5408725 5639512 7724855 0 5387183 8174758
8261360 4368362 3873367 1311889 3577864 974346 5574601 5200905 3162326 6411666 2269495 8480112 1811894 3870933 320526 2997707 8219724 5387183 0 2907660
8272449 5988440 3494643 1740313 2947257 2366096 2896183 2442252 1594512 8923922 1184859 9376265 1476265 6706264 3023723 3820407 8915704 8174758 2907660 0
