0 356686 41145 184642 578999 96718 768412 528914 267482 243597 463955 201264 329392 416516 276599 166522 120844 291326 390765 197341 373827 500408 206727 292767 496524 140033 551464 297411 355939 619334 359445 598 267986 769631 613086 709175 674943 409149 466856 219110 590950 24099 143145 489337 467436 443568 697248 388286 115564 665105 764464
0 258506 537880 350749 1330243 1434406 1671570 742573 1097970 697864 457701 1038962 979014 1798414 999080 1529443 1081912 1535157 202983 647470 824476 158558 1448337 1451355 831650 982042 10260 887824 453197 1779027 195661 1160050 55758 1185383 1592025 1677335 620620 316226 1702806 926509 283186 362908 414887 1373830 1284081 617305 973366 208877 1469103 1596462 1109027
0 5142058 4170219 68419 3896214 3099348 3087380 5450070 4331631 1454217 1701544 4156647 3184466 1356633 4196566 2037137 4429993 5449313 3728494 2784402 5402612 1789322 2175086 5700241 2165832 7085011 3629049 3006759 5517060 1248153 2894681 4612626 1531700 1625230 600024 4260831 6445926 7390888 5391293 3532597 1988347 3444344 4734532 4279177 571755 780133 4584894 2967987 3180342 5889442 2482364
5142058 0 5630052 5085301 3365025 7575595 7085238 1910566 7710994 6595173 4805249 8663026 8092866 3943536 5055150 6883210 5010926 1991744 4684469 5182989 4866801 6551946 5529345 563444 6218317 7092261 8663755 4691733 1830291 5405754 7959696 3929260 5224895 6607239 4985550 6980518 6724080 6226332 5598232 5140357 6402270 4057665 8243770 7823223 5712805 4367756 6667999 3253951 4998468 1632043 2762570
4170219 5630052 0 4191074 6783515 7092865 2847432 4446130 8500242 4735083 5618553 8029919 6791904 3445074 652862 5928043 7979583 4380831 7296562 6707735 8637799 5791795 6275206 5982195 2739811 10695324 6911808 1299794 7083728 3047955 5071886 2054435 5620843 4124349 4675439 8392070 10106431 10556219 8929034 683712 6113907 6777628 8889753 2779672 4333371 4107557 8621306 5876314 6974722 5133108 4685259
68419 5085301 4191074 0 3828335 3109963 3147028 5410383 4314346 1513150 1646218 4173028 3217418 1321541 4207054 2061010 4370207 5410517 3667993 2733481 5338868 1805347 2136312 5644020 2221211 7029126 3671607 3016939 5450808 1292488 2960113 4602250 1489446 1693454 547644 4228798 6390820 7327701 5332408 3549326 1986505 3379415 4722384 4335860 631854 720005 4543680 2899627 3124926 5844678 2418942
3896214 3365025 6783515 3828335 0 5027520 6851194 4954694 4602586 5116857 2528232 5998939 5853201 3543868 6444280 4768049 1655288 5013649 1363631 2237809 1877573 4436278 2912223 3808187 5880656 4074455 6547834 5505088 2371037 4875991 6641747 5932988 2983038 5498137 3394451 3751214 3579247 3775834 2378430 6116768 4065934 838268 5131623 7947108 4364864 3282397 3339159 970455 1869911 4921319 2098554
3099348 7575595 7092865 3109963 5027520 0 5109061 8324060 1929183 2446567 2775633 1104370 1091806 4374972 7220712 1170326 4424842 8337892 3984035 2815206 5597773 1321248 2137301 8131938 4542966 6326155 1801059 6045099 7295654 4048485 3203519 7711774 2352034 3166875 2851209 2562007 5699063 7282289 5107494 6511536 1205754 4218908 2064490 6288915 2780107 3609447 3282120 4507412 3270369 8658703 4844621
3087380 7085238 2847432 3147028 6851194 5109061 0 6543264 6863896 2696850 4783475 5830159 4488813 3425254 3345137 3986504 7517212 6501930 6814793 5840813 8468529 3999160 5140647 7572913 971924 10162731 4407760 2693705 8029281 1975360 2383937 4564426 4549237 1964577 3682203 7070378 9519770 10461123 8478491 2657652 4474665 6499285 7130747 1228067 2842970 3573486 7524500 5884717 6259405 7172909 5026080
5450070 1910566 4446130 5410383 4954694 8324060 6543264 0 8848485 6812077 5698345 9427861 8617349 4097084 3803601 7427906 6599476 86337 6151355 6361028 6638553 7129022 6492092 1923746 5838523 8887804 9077371 3877323 3740757 5265832 7953679 2454553 6033116 6615976 5505266 8256229 8471681 8111705 7301867 4135830 7118357 5499756 9365877 7012972 5976537 4767964 8076342 4551131 6300513 688862 3612351
4331631 7710994 8500242 4314346 4602586 1929183 6863896 8848485 0 4168468 3208743 2093874 2972253 5347182 8513563 2895658 3428143 8880273 3282513 2529819 4503400 2867337 2410232 8229285 6176608 4673438 3614178 7324542 6972627 5494441 5120023 8745506 2999089 4899703 3869580 994004 4094909 5864302 3810294 7863599 2429419 3775792 534062 8075613 4219176 4560760 1742935 4457151 2753459 9046644 5236493
1454217 6595173 4735083 1513150 5116857 2446567 2696850 6812077 4168468 0 2641653 3302016 2068434 2735069 4946313 1295278 5307037 6803970 4651220 3504814 6394892 1312060 2700638 7152490 2101233 7784618 2326892 3822806 6921766 1779797 1525010 5663690 2253117 732541 1759919 4432346 7132747 8335343 6215356 4207081 1814631 4527282 4437508 3907616 882623 2233154 4956821 4256239 3984938 7288391 3924055
1701544 4805249 5618553 1646218 2528232 2775633 4783475 5698345 3208743 2641653 0 3857891 3420007 2235471 5511354 2270202 2746017 5723345 2055432 1107185 3776025 1931397 802242 5359313 3867188 5383494 4079770 4353047 4603934 2923592 4155127 5577156 467171 3128501 1102428 2837843 4744616 5744890 3698935 4944008 1641282 1886474 3704478 5980520 2007222 1511084 3002763 1797792 1478819 5963971 2113653
4156647 8663026 8029919 4173028 5998939 1104370 5830159 9427861 2093874 3302016 3857891 0 1352901 5458958 8203182 2142209 5202951 9441301 4855674 3761650 6355247 2367723 3172618 9217095 5388055 6761420 1739860 7043132 8311615 5013775 3662269 8763253 3446829 3973130 3945815 2998847 6171276 7888719 5763490 7478047 2309933 5171333 1935227 6949146 3785513 4702455 3767928 5550328 4174083 9762411 5942641
3184466 8092866 6791904 3217418 5853201 1091806 4488813 8617349 2972253 2068434 3420007 1352901 0 4538949 7014747 1211086 5427489 8620502 4931202 3721616 6600878 1541228 2948746 8655849 4099725 7414779 730883 5885684 8023345 3840077 2320139 7692572 2956183 2682242 3140229 3653512 6785084 8338162 6156793 6274904 1792970 5082689 3014241 5597284 2714058 3853010 4372161 5215585 4205218 9021900 5330305
1356633 3943536 3445074 1321541 3543868 4374972 3425254 4097084 5347182 2735069 2235471 5458958 4538949 0 3284574 3374152 4559468 4094736 3866000 3289040 5314892 3100821 2973550 4487006 2466183 7282408 4980382 2152493 4628625 1520899 4021659 3404876 2349861 2665765 1537728 5069548 6680542 7287151 5520630 2761878 3198891 3384975 5804381 4438966 1881573 792117 5217346 2579707 3531719 4554504 1601440
4196566 5055150 652862 4207054 6444280 7220712 3345137 3803601 8513563 4946313 5511354 8203182 7014747 3284574 0 6072454 7728789 3736784 7062852 6573509 8315473 5903251 6214586 5383990 3079395 10425436 7196295 1190125 6572406 3189856 5451760 1401733 5567786 4394973 4648543 8329334 9853845 10198367 8661359 752103 6177936 6511468 8929338 3402885 4440677 4012059 8501804 5572749 6799700 4491693 4353424
2037137 6883210 5928043 2061010 4768049 1170326 3986504 7427906 2895658 1295278 2270202 2142209 1211086 3374152 6072454 0 4565113 7433585 3989877 2769385 5718804 341108 1941974 7446354 3378752 6826981 1816579 4905423 6864607 2889241 2340673 6626603 1803220 2025910 1933787 3264040 6178712 7565475 5390865 5355478 771326 4041926 3144317 5187726 1643464 2659981 3869260 4065149 3269163 7819633 4120867
4429993 5010926 7979583 4370207 1655288 4424842 7517212 6599476 3428143 5307037 2746017 5202951 5427489 4559468 7728789 4565113 0 6656253 707416 1815977 1174092 4283873 2648299 5433702 6582997 2723187 6157555 6679835 3802586 5607328 6767369 7396044 3063568 5856770 3838528 2458938 2127346 3029614 970296 7297047 3794459 1224753 3918000 8699379 4749598 4047706 1860355 2214178 1323723 6576553 3439644
5449313 1991744 4380831 5410517 5013649 8337892 6501930 86337 8880273 6803970 5723345 9441301 8620502 4094736 3736784 7433585 6656253 0 6202391 6397812 6705877 7136665 6518594 2009933 5805711 8955903 9074959 3830569 3822036 5245338 7933783 2381559 6053462 6598897 5513905 8295377 8536619 8187688 7364594 4079294 7132385 5550590 9396477 6959500 5972347 4773712 8122360 4597515 6343290 760456 3643795
3728494 4684469 7296562 3667993 1363631 3984035 6814793 6151355 3282513 4651220 2055432 4855674 4931202 3866000 7062852 3989877 707416 6202391 0 1222382 1747962 3691278 2049169 5150754 5877815 3422882 5655134 5996983 3707911 4900422 6132044 6786953 2398726 5178769 3139973 2396162 2814605 3692534 1677506 6613235 3227186 651931 3804144 7993962 4062545 3341049 1985749 1639723 727127 6190097 2828333
2784402 5182989 6707735 2733481 2237809 2815206 5840813 6361028 2529819 3504814 1107185 3761650 3721616 3289040 6573509 2769385 1815977 6397812 1222382 0 2952417 2476166 834351 5705772 4945701 4328735 4441602 5431058 4574250 4021058 4952271 6538430 1297746 4086342 2185838 1909311 3682141 4843328 2710779 6029614 2005004 1410993 3061552 7050563 3014264 2604626 1930466 1931030 500130 6528416 2770442
5402612 4866801 8637799 5338868 1877573 5597773 8468529 6638553 4503400 6394892 3776025 6355247 6600878 5314892 8315473 5718804 1174092 6705877 1747962 2952417 0 5428581 3786162 5195076 7513313 2252416 7330685 7349905 3334677 6516884 7879874 7800675 4141828 6904204 4831043 3512422 1860388 1993281 870756 7965197 4950380 1970999 4964051 9619038 5777211 4919911 2818654 2763859 2452459 6493601 3962795
1789322 6551946 5791795 1805347 4436278 1321248 3999160 7129022 2867337 1312060 1931397 2367723 1541228 3100821 5903251 341108 4283873 7136665 3691278 2476166 5428581 0 1642893 7114840 3323526 6607491 2157671 4725231 6523685 2743842 2540165 6399757 1464828 2037672 1624924 3132877 5956928 7297166 5130740 5199407 531455 3719858 3167780 5216095 1463821 2365556 3694164 3725058 2976159 7509068 3789387
2175086 5529345 6275206 2136312 2912223 2137301 5140647 6492092 2410232 2700638 802242 3172618 2948746 2973550 6214586 1941974 2648299 6518594 2049169 834351 3786162 1642893 0 6075565 4286025 5089575 3656096 5038743 5158391 3421367 4125209 6351471 655183 3316273 1610209 2118080 4438368 5672233 3524665 5611896 1186970 2134251 2902581 6363007 2297780 2206325 2412627 2378229 1333777 6741554 2892475
5700241 563444 5982195 5644020 3808187 8131938 7572913 1923746 8229285 7152490 5359313 9217095 8655849 4487006 5383990 7446354 5433702 2009933 5150754 5705772 5195076 7114840 6075565 0 6723613 7386784 9227156 5115268 1973102 5933453 8507055 4176610 5782463 7152569 5548773 7477556 7055097 6420714 5962919 5530240 6961684 4537286 8762861 8270232 6270465 4927370 7136457 3774752 5501191 1458367 3325564
2165832 6218317 2739811 2221211 5880656 4542966 971924 5838523 6176608 2101233 3867188 5388055 4099725 2466183 3079395 3378752 6582997 5805711 5877815 4945701 7513313 3323526 4286025 6723613 0 9250337 4175501 2149052 7086123 1004880 2375602 4097407 3669404 1418348 2765715 6288665 8611733 9506559 7548470 2330239 3750564 5542594 6491216 2116505 2008898 2606370 6692586 4913533 5345999 6436894 4063886
7085011 7092261 10695324 7029126 4074455 6326155 10162731 8887804 4673438 7784618 5383494 6761420 7414779 7282408 10425436 6826981 2723187 8955903 3422882 4328735 2252416 6607491 5089575 7386784 9250337 0 8125903 9396172 5459643 8293373 9147656 10002773 5626409 8403017 6485780 3790432 651987 1620217 1766389 10013826 6079390 3918658 4958926 11363953 7342997 6758414 3045026 4859836 3904866 8723560 6091300
3629049 8663755 6911808 3671607 6547834 1801059 4407760 9077371 3614178 2326892 4079770 1739860 730883 4980382 7196295 1816579 6157555 9074959 5655134 4441602 7330685 2157671 3656096 9227156 4175501 8125903 0 6114130 8679866 4089943 2071202 7984738 3612793 2801413 3679880 4350533 7499997 9067172 6886484 6446321 2482195 5789581 3591040 5427842 3105486 4350131 5081065 5877235 4928455 9515262 5907666
3006759 4691733 1299794 3016939 5505088 6045099 2693705 3877323 7324542 3822806 4353047 7043132 5885684 2152493 1190125 4905423 6679835 3830569 5996983 5431058 7349905 4725231 5038743 5115268 2149052 9396172 6114130 0 5978824 2045617 4497371 1949040 4388852 3329616 3462312 7156055 8806642 9280749 7629990 617770 4989822 5479099 7739215 3171403 3266287 2844940 7352948 4586373 5684210 4528132 3411189
5517060 1830291 7083728 5450808 2371037 7295654 8029281 3740757 6972627 6921766 4603934 8311615 8023345 4628625 6572406 6864607 3802586 3822036 3707911 4574250 3334677 6523685 5158391 1973102 7086123 5459643 8679866 5978824 0 6146529 8409443 5604212 5069513 7123370 5171641 6103848 5175474 4447631 4158145 6511726 6236526 3205267 7500576 8939879 6069267 4759822 5628784 2808124 4237645 3402373 3071690
1248153 5405754 3047955 1292488 4875991 4048485 1975360 5265832 5494441 1779797 2923592 5013775 3840077 1520899 3189856 2889241 5607328 5245338 4900422 4021058 6516884 2743842 3421367 5933453 1004880 8293373 4089943 2045617 6146529 0 2688597 3896355 2779853 1372825 1837915 5491601 7660116 8510057 6575754 2466507 3080954 4545909 5861177 3102582 1288465 1602806 5832551 3909373 4396825 5811311 3095196
2894681 7959696 5071886 2960113 6641747 3203519 2383937 7953679 5120023 1525010 4155127 3662269 2320139 4021659 5451760 2340673 6767369 7933783 6132044 4952271 7879874 2540165 4125209 8507055 2375602 9147656 2071202 4497371 8409443 2688597 0 6442176 3747222 1358058 3275297 5594353 8497061 9795587 7647577 4704668 3069027 6041406 5259789 3357110 2340999 3665305 6209852 5777491 5444406 8489758 5372842
4612626 3929260 2054435 4602250 5932988 7711774 4564426 2454553 8745506 5663690 5577156 8763253 7692572 3404876 1401733 6626603 7396044 2381559 6786953 6538430 7800675 6399757 6351471 4176610 4097407 10002773 7984738 1949040 5604212 3896355 6442176 0 5746568 5237702 4929366 8404122 9478738 9570579 8270056 1924512 6572180 6175892 9208303 4774693 4994345 4196677 8449788 5182177 6666186 3141970 3960486
1531700 5224895 5620843 1489446 2983038 2352034 4549237 6033116 2999089 2253117 467171 3446829 2956183 2349861 5567786 1803220 3063568 6053462 2398726 1297746 4141828 1464828 655183 5782463 3669404 5626409 3612793 4388852 5069513 2779853 3747222 5746568 0 2797179 956457 2771389 4979365 6087220 3991812 4958814 1187911 2307644 3466689 5764053 1716720 1569360 3054292 2264499 1750235 6330983 2496391
1625230 6607239 4124349 1693454 5498137 3166875 1964577 6615976 4899703 732541 3128501 3973130 2682242 2665765 4394973 2025910 5856770 6598897 5178769 4086342 6904204 2037672 3316273 7152569 1418348 8403017 2801413 3329616 7123370 1372825 1358058 5237702 2797179 0 2108011 5138898 7752598 8871116 6788950 3644918 2526207 4983920 5169480 3178433 1137576 2363606 5636623 4585852 4547411 7140649 4062832
600024 4985550 4675439 547644 3394451 2851209 3682203 5505266 3869580 1759919 1102428 3945815 3140229 1537728 4648543 1933787 3838528 5513905 3139973 2185838 4831043 1624924 1610209 5548773 2765715 6485780 3679880 3462312 5171641 1837915 3275297 4929366 956457 2108011 0 3719648 5846202 6814393 4796991 4019612 1663259 2886498 4303344 4878175 971346 758603 4007483 2504031 2580937 5886264 2239625
4260831 6980518 8392070 4228798 3751214 2562007 7070378 8256229 994004 4432346 2837843 2998847 3653512 5069548 8329334 3264040 2458938 8295377 2396162 1909311 3512422 3132877 2118080 7477556 6288665 3790432 4350533 7156055 6103848 5491601 5594353 8404122 2771389 5138898 3719648 0 3182565 4897889 2818582 7729878 2617744 2952779 1460126 8297704 4280936 4317618 769632 3748874 1984221 8394423 4678642
6445926 6724080 10106431 6390820 3579247 5699063 9519770 8471681 4094909 7132747 4744616 6171276 6785084 6680542 9853845 6178712 2127346 8536619 2814605 3682141 1860388 5956928 4438368 7055097 8611733 651987 7499997 8806642 5175474 7660116 8497061 9478738 4979365 7752598 5846202 3182565 0 1900203 1208824 9423671 5429303 3342943 4412397 10723756 6696085 6136974 2425389 4308527 3265954 8347974 5541486
7390888 6226332 10556219 7327701 3775834 7282289 10461123 8111705 5864302 8335343 5744890 7888719 8338162 7287151 10198367 7565475 3029614 8187688 3692534 4843328 1993281 7297166 5672233 6420714 9506559 1620217 9067172 9280749 4447631 8510057 9795587 9570579 6087220 8871116 6814393 4897889 1900203 0 2183761 9891732 6794627 3964250 6231909 11612040 7751478 6912272 4129417 4714839 4353320 7839060 5871555
5391293 5598232 8929034 5332408 2378430 5107494 8478491 7301867 3810294 6215356 3698935 5763490 6156793 5520630 8661359 5390865 970296 7364594 1677506 2710779 870756 5130740 3524665 5962919 7548470 1766389 6886484 7629990 4158145 6575754 7647577 8270056 3991812 6788950 4796991 2818582 1208824 2183761 0 8247678 4621420 2152372 4236727 9664973 5694020 5017960 2076707 3103750 2241713 7209101 4336831
3532597 5140357 683712 3549326 6116768 6511536 2657652 4135830 7863599 4207081 4944008 7478047 6274904 2761878 752103 5355478 7297047 4079294 6613235 6029614 7965197 5199407 5611896 5530240 2330239 10013826 6446321 617770 6511726 2466507 4704668 1924512 4958814 3644918 4019612 7729878 9423671 9891732 8247678 0 5497148 6096863 8264391 2889281 3735734 3433079 7946470 5202133 6292350 4810217 4020460
1988347 6402270 6113907 1986505 4065934 1205754 4474665 7118357 2429419 1814631 1641282 2309933 1792970 3198891 6177936 771326 3794459 7132385 3227186 2005004 4950380 531455 1186970 6961684 3750564 6079390 2482195 4989822 6236526 3080954 3069027 6572180 1187911 2526207 1663259 2617744 5429303 6794627 4621420 5497148 0 3311957 2780226 5698117 1796195 2420926 3164305 3428566 2503701 7455681 3655574
3444344 4057665 6777628 3379415 838268 4218908 6499285 5499756 3775792 4527282 1886474 5171333 5082689 3384975 6511468 4041926 1224753 5550590 651931 1410993 1970999 3719858 2134251 4537286 5542594 3918658 5789581 5479099 3205267 4545909 6041406 6175892 2307644 4983920 2886498 2952779 3342943 3964250 2152372 6096863 3311957 0 4306930 7648179 3848116 2950224 2613398 1001263 1032558 5545464 2216693
4734532 8243770 8889753 4722384 5131623 2064490 7130747 9365877 534062 4437508 3704478 1935227 3014241 5804381 8929338 3144317 3918000 9396477 3804144 3061552 4964051 3167780 2902581 8762861 6491216 4958926 3591040 7739215 7500576 5861177 5259789 9208303 3466689 5169480 4303344 1460126 4412397 6231909 4236727 8264391 2780226 4306930 0 8327863 4575392 5013982 2160538 4990135 3286521 9572178 5753566
4279177 7823223 2779672 4335860 7947108 6288915 1228067 7012972 8075613 3907616 5980520 6949146 5597284 4438966 3402885 5187726 8699379 6959500 7993962 7050563 9619038 5216095 6363007 8270232 2116505 11363953 5427842 3171403 8939879 3102582 3357110 4774693 5764053 3178433 4878175 8297704 10723756 11612040 9664973 2889281 5698117 7648179 8327863 0 4065560 4700689 8751372 6976696 7459096 7678936 6028130
571755 5712805 4333371 631854 4364864 2780107 2842970 5976537 4219176 882623 2007222 3785513 2714058 1881573 4440677 1643464 4749598 5972347 4062545 3014264 5777211 1463821 2297780 6270465 2008898 7342997 3105486 3266287 6069267 1288465 2340999 4994345 1716720 1137576 971346 4280936 6696085 7751478 5694020 3735734 1796195 3848116 4575392 4065560 0 1351474 4691303 3463773 3455182 6433521 3049114
780133 4367756 4107557 720005 3282397 3609447 3573486 4767964 4560760 2233154 1511084 4702455 3853010 792117 4012059 2659981 4047706 4773712 3341049 2604626 4919911 2365556 2206325 4927370 2606370 6758414 4350131 2844940 4759822 1602806 3665305 4196677 1569360 2363606 758603 4317618 6136974 6912272 5017960 3433079 2420926 2950224 5013982 4700689 1351474 0 4513829 2322248 2908063 5172116 1707540
4584894 6667999 8621306 4543680 3339159 3282120 7524500 8076342 1742935 4956821 3002763 3767928 4372161 5217346 8501804 3869260 1860355 8122360 1985749 1930466 2818654 3694164 2412627 7136457 6692586 3045026 5081065 7352948 5628784 5832551 6209852 8449788 3054292 5636623 4007483 769632 2425389 4129417 2076707 7946470 3164305 2613398 2160538 8751372 4691303 4513829 0 3525224 1804863 8153259 4587371
2967987 3253951 5876314 2899627 970455 4507412 5884717 4551131 4457151 4256239 1797792 5550328 5215585 2579707 5572749 4065149 2214178 4597515 1639723 1931030 2763859 3725058 2378229 3774752 4913533 4859836 5877235 4586373 2808124 3909373 5777491 5182177 2264499 4585852 2504031 3748874 4308527 4714839 3103750 5202133 3428566 1001263 4990135 6976696 3463773 2322248 3525224 0 1767202 4649051 1233116
3180342 4998468 6974722 3124926 1869911 3270369 6259405 6300513 2753459 3984938 1478819 4174083 4205218 3531719 6799700 3269163 1323723 6343290 727127 500130 2452459 2976159 1333777 5501191 5345999 3904866 4928455 5684210 4237645 4396825 5444406 6666186 1750235 4547411 2580937 1984221 3265954 4353320 2241713 6292350 2503701 1032558 3286521 7459096 3455182 2908063 1804863 1767202 0 6416021 2782538
5889442 1632043 5133108 5844678 4921319 8658703 7172909 688862 9046644 7288391 5963971 9762411 9021900 4554504 4491693 7819633 6576553 760456 6190097 6528416 6493601 7509068 6741554 1458367 6436894 8723560 9515262 4528132 3402373 5811311 8489758 3141970 6330983 7140649 5886264 8394423 8347974 7839060 7209101 4810217 7455681 5545464 9572178 7678936 6433521 5172116 8153259 4649051 6416021 0 3850945
2482364 2762570 4685259 2418942 2098554 4844621 5026080 3612351 5236493 3924055 2113653 5942641 5330305 1601440 4353424 4120867 3439644 3643795 2828333 2770442 3962795 3789387 2892475 3325564 4063886 6091300 5907666 3411189 3071690 3095196 5372842 3960486 2496391 4062832 2239625 4678642 5541486 5871555 4336831 4020460 3655574 2216693 5753566 6028130 3049114 1707540 4587371 1233116 2782538 3850945 0
